1 1 1 1 0 0 1 1 1 1 0 1 1 0 1 0 1 1 
0 31 56 24 63 38 15 55 59 66 22 21 65 75 78 29 75 31 
31 0 58 40 23 37 76 75 50 77 47 25 42 62 36 48 41 42 
56 58 0 70 63 42 33 43 31 18 40 48 57 39 38 66 27 16 
24 40 70 0 40 47 70 70 29 72 29 59 54 55 55 29 29 25 
63 23 63 40 0 69 32 26 36 32 70 80 37 57 54 49 70 46 
38 37 42 47 69 0 49 32 35 58 43 52 34 60 52 17 17 68 
15 76 33 70 32 49 0 58 46 52 23 18 46 51 22 73 31 38 
55 75 43 70 26 32 58 0 26 69 19 55 74 53 49 57 24 55 
59 50 31 29 36 35 46 26 0 63 66 73 32 71 51 41 16 65 
66 77 18 72 32 58 52 69 63 0 16 27 28 69 55 78 78 75 
22 47 40 29 70 43 23 19 66 16 0 49 63 34 65 49 62 68 
21 25 48 59 80 52 18 55 73 27 49 0 74 23 31 69 18 52 
65 42 57 54 37 34 46 74 32 28 63 74 0 50 43 28 39 49 
75 62 39 55 57 60 51 53 71 69 34 23 50 0 29 73 57 51 
78 36 38 55 54 52 22 49 51 55 65 31 43 29 0 17 40 69 
29 48 66 29 49 17 73 57 41 78 49 69 28 73 17 0 55 50 
75 41 27 29 70 17 31 24 16 78 62 18 39 57 40 55 0 46 
31 42 16 25 46 68 38 55 65 75 68 52 49 51 69 50 46 0 
2 50
1P 4P 18P 3P 10P 11B 8P 5B 2P 13P 9P 17P 6B 16B 15P 14B 12P 7P = 393