0 0 1 1 1 1 1 0 0 0 1 1 0 1 1 0 1 0 1 
0 52 21 39 56 59 75 31 46 35 31 31 23 50 68 19 75 31 42 
52 0 49 41 38 18 78 71 80 34 31 34 68 54 40 79 37 71 75 
21 49 0 26 44 66 40 73 75 47 73 54 23 57 74 27 75 68 29 
39 41 26 0 52 50 80 29 32 29 19 51 65 71 49 22 31 62 75 
56 38 44 52 0 36 25 30 53 60 57 44 16 65 46 79 59 30 75 
59 18 66 50 36 0 64 64 42 44 70 65 66 18 64 77 32 21 50 
75 78 40 80 25 64 0 43 53 23 35 77 60 65 53 42 75 78 18 
31 71 73 29 30 64 43 0 65 15 41 41 22 72 40 23 40 31 68 
46 80 75 32 53 42 53 65 0 44 68 33 62 16 63 78 53 70 25 
35 34 47 29 60 44 23 15 44 0 48 48 17 47 39 47 57 65 25 
31 31 73 19 57 70 35 41 68 48 0 45 53 62 30 54 61 37 25 
31 34 54 51 44 65 77 41 33 48 45 0 79 49 63 38 59 40 53 
23 68 23 65 16 66 60 22 62 17 53 79 0 50 36 45 65 35 46 
50 54 57 71 65 18 65 72 16 47 62 49 50 0 41 64 47 60 50 
68 40 74 49 46 64 53 40 63 39 30 63 36 41 0 64 28 55 50 
19 79 27 22 79 77 42 23 78 47 54 38 45 64 64 0 29 73 58 
75 37 75 31 59 32 75 40 53 57 61 59 65 47 28 29 0 30 33 
31 71 68 62 30 21 78 31 70 65 37 40 35 60 55 73 30 0 78 
42 75 29 75 75 50 18 68 25 25 25 53 46 50 50 58 33 78 0 
2 50
1B 3P 13B 5P 8B 10B 7P 19P 9B 14P 6P 2B 12P 18B 17P 15P 11P 4P 16B = 445