0 0 0 0 1 1 0 0 0 0 1 1 1 1 1 1 
0 47 48 56 53 33 15 74 63 35 53 63 46 66 57 52 
47 0 34 76 74 47 24 16 63 50 16 37 72 57 25 33 
48 34 0 42 18 24 22 41 26 49 32 65 32 67 78 48 
56 76 42 0 39 18 51 20 42 32 55 49 47 54 71 58 
53 74 18 39 0 54 30 19 54 75 75 31 17 70 21 40 
33 47 24 18 54 0 29 28 61 72 59 74 26 47 66 63 
15 24 22 51 30 29 0 48 70 29 68 35 66 76 37 49 
74 16 41 20 19 28 48 0 52 31 17 60 42 25 66 71 
63 63 26 42 54 61 70 52 0 47 32 58 26 43 73 58 
35 50 49 32 75 72 29 31 47 0 20 78 24 74 34 26 
53 16 32 55 75 59 68 17 32 20 0 38 50 20 72 47 
63 37 65 49 31 74 35 60 58 78 38 0 37 20 66 67 
46 72 32 47 17 26 66 42 26 24 50 37 0 15 50 49 
66 57 67 54 70 47 76 25 43 74 20 20 15 0 24 15 
57 25 78 71 21 66 37 66 73 34 72 66 50 24 0 35 
52 33 48 58 40 63 49 71 58 26 47 67 49 15 35 0 
2 50
1B 6P 4B 8B 11P 2B 15P 5P 3B 9B 13P 10B 16P 14P 12P 7B = 355