1 0 0 0 1 1 1 0 0 0 0 0 1 0 1 1 
0 44 41 14 20 39 29 15 33 27 42 46 27 2 5 8 
44 0 36 42 50 42 27 4 11 35 44 16 30 5 43 34 
41 36 0 29 36 30 25 38 15 41 50 28 48 4 5 21 
14 42 29 0 3 27 9 26 6 37 41 34 46 18 27 20 
20 50 36 3 0 22 41 43 4 40 30 23 47 31 9 10 
39 42 30 27 22 0 48 6 11 42 28 12 14 41 10 44 
29 27 25 9 41 48 0 39 4 31 36 19 22 29 35 45 
15 4 38 26 43 6 39 0 41 33 48 47 22 5 31 17 
33 11 15 6 4 11 4 41 0 50 23 33 30 16 10 24 
27 35 41 37 40 42 31 33 50 0 18 38 16 50 9 5 
42 44 50 41 30 28 36 48 23 18 0 11 50 46 30 10 
46 16 28 34 23 12 19 47 33 38 11 0 28 31 46 15 
27 30 48 46 47 14 22 22 30 16 50 28 0 3 40 50 
2 5 4 18 31 41 29 5 16 50 46 31 3 0 27 5 
5 43 5 27 9 10 35 31 10 9 30 46 40 27 0 42 
8 34 21 20 10 44 45 17 24 5 10 15 50 5 42 0 
3 9
1P 15P 3B 14B 13P 10B 16P 11B 12B 6P 8B 2B 9B 7P 4B 5P = 128