1 1 1 1 0 1 1 0 1 1 0 0 1 1 0 
0 33 4 34 34 10 9 40 40 25 14 28 41 5 13 
33 0 49 42 6 15 8 45 37 25 10 4 38 32 46 
4 49 0 17 11 11 10 44 36 26 39 42 33 8 47 
34 42 17 0 38 8 4 31 37 12 46 39 49 23 29 
34 6 11 38 0 12 11 47 22 19 37 16 10 18 24 
10 15 11 8 12 0 27 7 34 35 15 20 4 46 34 
9 8 10 4 11 27 0 22 43 48 45 14 5 26 4 
40 45 44 31 47 7 22 0 48 25 32 42 31 4 13 
40 37 36 37 22 34 43 48 0 33 9 18 34 31 18 
25 25 26 12 19 35 48 25 33 0 43 40 26 4 8 
14 10 39 46 37 15 45 32 9 43 0 13 21 40 31 
28 4 42 39 16 20 14 42 18 40 13 0 26 26 17 
41 38 33 49 10 4 5 31 34 26 21 26 0 35 15 
5 32 8 23 18 46 26 4 31 4 40 26 35 0 38 
13 46 47 29 24 34 4 13 18 8 31 17 15 38 0 
4 10
1P 3P 14P 10P 15B 8B 6P 4P 7P 13P 5B 2P 12B 9P 11B = 122