1 0 1 0 0 0 0 0 0 1 0 1 0 1 1 
0 32 40 55 27 19 38 59 30 30 16 24 59 54 62 
32 0 80 32 29 47 65 28 80 53 26 47 23 40 43 
40 80 0 25 57 24 30 78 17 61 27 52 68 18 79 
55 32 25 0 63 56 23 17 38 32 25 50 44 31 50 
27 29 57 63 0 69 73 71 21 21 59 48 27 19 44 
19 47 24 56 69 0 38 39 49 18 54 16 55 66 25 
38 65 30 23 73 38 0 50 22 42 76 24 74 18 35 
59 28 78 17 71 39 50 0 76 36 50 74 26 53 72 
30 80 17 38 21 49 22 76 0 61 39 50 25 78 50 
30 53 61 32 21 18 42 36 61 0 25 29 79 64 21 
16 26 27 25 59 54 76 50 39 25 0 36 78 49 48 
24 47 52 50 48 16 24 74 50 29 36 0 41 66 55 
59 23 68 44 27 55 74 26 25 79 78 41 0 73 71 
54 40 18 31 19 66 18 53 78 64 49 66 73 0 63 
62 43 79 50 44 25 35 72 50 21 48 55 71 63 0 
2 50
1P 6B 12P 13B 5B 14P 7B 9B 3P 4B 8B 10P 15P 2B 11B = 363